MAEFILE: cmp1_loner1.01.mae
&gen 
basis=6-31g** 
igeopt=1 
icfit=1 
dftname=b3lyp-d3 
&
&zmat
 N1              0.0502987575             0.5516675472            -0.0000000000
 C2             -0.0002263615            -0.2540598031             1.2131128675
 C3             -0.0002263615            -0.2540598031            -1.2131128675
 H4             -0.7290848522             1.2044896188            -0.0000000000
 H5             -0.0180982525             0.3987255394             2.0914567044
 H6             -0.8684487155            -0.9379064456             1.2733899931
 H7              0.9043503642            -0.8705484187             1.2772655480
 H8             -0.0180982525             0.3987255394            -2.0914567044
 H9              0.9043503642            -0.8705484187            -1.2772655480
 H10            -0.8684487155            -0.9379064456            -1.2733899931
&
&guess  basgss=6-31g** numd=6
    1 Orbital Energy   -14.313508 Occupation  1.000000 Symmetry Ap      
  0.992741726704112  0.034695191665039 -0.001086199239994 -0.000558608759738
  0.000000000000000  0.003387141517217  0.000469803445318  0.000439982466611
 -0.000000000000000 -0.008036660819783 -0.008133348440628 -0.008232459221069
 -0.000116553286709  0.000000000000000 -0.000000000000000  0.000003029537790
  0.000107644493386  0.000040395378205  0.000157829708985 -0.000227821358585
  0.000020874481497 -0.000296134116526 -0.000115313766538  0.000038872839337
  0.000022687663156  0.000057208987822  0.000079541667416  0.000017696186946
 -0.000004583342153 -0.000044767517745  0.000003029537790  0.000107644493386
  0.000040395378205  0.000157829708985  0.000227821358585  0.000020874481497
 -0.000296134116526 -0.000115313766538 -0.000038872839337  0.000022687663156
  0.000057208987822  0.000079541667416  0.000017696186946  0.000004583342153
  0.000044767517745  0.000210291820349 -0.000484995646228 -0.000142057553024
  0.000130150119418  0.000000000000000 -0.000030337121307 -0.000067038360592
  0.000018497428006 -0.000008393302591  0.000070797045267 -0.000077733109634
 -0.000175032176784 -0.000026287181062 -0.000042244648271  0.000023119968614
 -0.000009926589964  0.000024856342265  0.000025574375035 -0.000028738881271
  0.000047122011256 -0.000030337121307 -0.000067038360592  0.000018497428006
 -0.000008393302591 -0.000070797045267 -0.000009926589964  0.000024856342265
  0.000025574375035 -0.000028738881271 -0.000047122011256 -0.000077733109634
 -0.000175032176784 -0.000026287181062 -0.000042244648271 -0.000023119968614
    2 Orbital Energy   -10.197566 Occupation  1.000000 Symmetry App     
  0.000000000000000  0.000000000000000 -0.000000000000000  0.000000000000000
  0.000216543592610  0.000000000000000  0.000000000000000 -0.000000000000000
 -0.001614454145225  0.000000000000000 -0.000000000000000 -0.000000000000000
  0.000000000000000 -0.000052309943786 -0.000266375472457 -0.702172689377829
 -0.035194838707985 -0.000022324625593  0.000023437930992  0.000221269775724
  0.011980983623027  0.000160673953479 -0.000542513698955 -0.001291640305940
  0.006238240812334  0.006246616001852  0.006331292159737  0.000018955495829
 -0.000000063860220 -0.000064981272670  0.702172689377829  0.035194838707985
  0.000022324625593 -0.000023437930992  0.000221269775724 -0.011980983623027
 -0.000160673953479  0.000542513698955 -0.001291640305940 -0.006238240812334
 -0.006246616001852 -0.006331292159737 -0.000018955495829 -0.000000063860220
 -0.000064981272670  0.000000000000000  0.000000000000000  0.000000000000000
 -0.000000000000000 -0.000109097449023  0.000178144773455 -0.001281127818169
 -0.000004852033656 -0.000108967731433 -0.000114516754365 -0.000039643305364
 -0.002139838650742  0.000064185964742  0.000092861162967  0.000084117353350
 -0.000036956086882 -0.002292110781149 -0.000076693481906  0.000085103791306
  0.000078863150670 -0.000178144773455  0.001281127818169  0.000004852033656
  0.000108967731433 -0.000114516754365  0.000036956086882  0.002292110781149
  0.000076693481906 -0.000085103791306  0.000078863150670  0.000039643305364
  0.002139838650742 -0.000064185964742 -0.000092861162967  0.000084117353350
    3 Orbital Energy   -10.197558 Occupation  1.000000 Symmetry Ap      
  0.000155300886520  0.000054742903772 -0.000019922326960 -0.000093670709817
 -0.000000000000000 -0.002849248840232 -0.000199164253731  0.000304222378426
  0.000000000000000  0.000094538732345  0.000383631528405  0.000577290115879
 -0.000031527921399 -0.000000000000000  0.000000000000000 -0.702068124915912
 -0.034627504066126 -0.000016834975600 -0.000125415510140  0.000113799615744
  0.009706871176298  0.000133869316997  0.000260965875429  0.000369151242190
  0.006403554154782  0.006380568391984  0.006295645852461  0.000004368912247
 -0.000003318082371 -0.000015653884413 -0.702068124915912 -0.034627504066126
 -0.000016834975600 -0.000125415510140 -0.000113799615744  0.009706871176298
  0.000133869316997  0.000260965875429 -0.000369151242190  0.006403554154782
  0.006380568391984  0.006295645852461  0.000004368912247  0.000003318082371
  0.000015653884413  0.000023592598023 -0.000473705703339 -0.000047981707485
  0.000167428536988  0.000000000000000  0.000109850416044 -0.001987900899570
 -0.000008093323875 -0.000074694247609 -0.000093468627518  0.000162694695612
 -0.001612577457369  0.000098472538125  0.000049574189769 -0.000009408338696
  0.000147891858712 -0.001729110129793 -0.000099867264091  0.000037803683252
 -0.000023419735281  0.000109850416044 -0.001987900899570 -0.000008093323875
 -0.000074694247609  0.000093468627518  0.000147891858712 -0.001729110129793
 -0.000099867264091  0.000037803683252  0.000023419735281  0.000162694695612
 -0.001612577457369  0.000098472538125  0.000049574189769  0.000009408338696
    4 Orbital Energy    -0.891446 Occupation  1.000000 Symmetry Ap      
  0.177541433944240 -0.364375605724693  0.062563052440557  0.060547951213599
 -0.000000000000000 -0.372268869569182  0.028310035575136  0.037297510955654
  0.000000000000000  0.012552545523715  0.004547453076333 -0.001663548136877
  0.001811520972085 -0.000000000000000  0.000000000000000  0.085511380829365
 -0.163938336489352  0.001426571664174 -0.046415678894149  0.078693183233012
 -0.079010914711819  0.002554045593733  0.001073388407226 -0.001786167394385
  0.009659246554872  0.002778327969119 -0.006941623724590  0.000901553811620
 -0.000198023510117  0.011200005692125  0.085511380829365 -0.163938336489352
  0.001426571664174 -0.046415678894149 -0.078693183233012 -0.079010914711819
  0.002554045593733  0.001073388407226  0.001786167394385  0.009659246554872
  0.002778327969119 -0.006941623724590  0.000901553811620  0.000198023510117
 -0.011200005692125 -0.115915643016900 -0.012431151937363 -0.010854480166238
  0.010984810796382  0.000000000000000 -0.035970227173811 -0.007197903493905
 -0.000113579349171  0.002168857566654  0.004551079724321 -0.036651277503923
 -0.004629894037447 -0.003712737616201 -0.003241390613105  0.001024337141036
 -0.037310975398446 -0.007036248940523  0.003756886925118 -0.002969343641882
  0.001077839001889 -0.035970227173811 -0.007197903493905 -0.000113579349171
  0.002168857566654 -0.004551079724321 -0.037310975398446 -0.007036248940523
  0.003756886925118 -0.002969343641882 -0.001077839001889 -0.036651277503923
 -0.004629894037447 -0.003712737616201 -0.003241390613105 -0.001024337141036
    5 Orbital Energy    -0.694775 Occupation  1.000000 Symmetry App     
  0.000000000000000  0.000000000000000 -0.000000000000000  0.000000000000000
  0.189422948625963  0.000000000000000 -0.000000000000000  0.000000000000000
  0.073473652699411  0.000000000000000 -0.000000000000000 -0.000000000000000
  0.000000000000000 -0.005638521406443 -0.015716280463590 -0.141905221179318
  0.282180671322542  0.003522358911626  0.019821757864444  0.012138364533796
  0.240411662923264 -0.007687694115540 -0.003658600158679  0.008349695519485
 -0.008150658575450 -0.004462690748532 -0.007262081259150 -0.000353075378740
 -0.000337521843700 -0.002224756053760  0.141905221179318 -0.282180671322542
 -0.003522358911626 -0.019821757864444  0.012138364533796 -0.240411662923264
  0.007687694115540  0.003658600158679  0.008349695519485  0.008150658575450
  0.004462690748532  0.007262081259150  0.000353075378740 -0.000337521843700
 -0.002224756053760  0.000000000000000  0.000000000000000 -0.000000000000000
  0.000000000000000  0.004110807051818  0.106270577214431  0.035720052643354
  0.000303538880764 -0.005753027130268 -0.007501475950623  0.089437774051971
  0.021525658704905  0.006827944418857  0.005452360060359  0.000191825173730
  0.093777849608740  0.030249198577833 -0.007348043775467  0.005345690355766
  0.000128129024341 -0.106270577214431 -0.035720052643354 -0.000303538880764
  0.005753027130268 -0.007501475950623 -0.093777849608740 -0.030249198577833
  0.007348043775467 -0.005345690355766  0.000128129024341 -0.089437774051971
 -0.021525658704905 -0.006827944418857 -0.005452360060359  0.000191825173730
    6 Orbital Energy    -0.622469 Occupation  1.000000 Symmetry Ap      
  0.092822611949356 -0.202388129399436  0.108453898607859 -0.128199083092020
 -0.000000000000000 -0.256944609161863  0.047132626382151 -0.045829545978924
 -0.000000000000000 -0.003550163023122  0.010144198388608  0.011051254531532
  0.007058412319711 -0.000000000000000  0.000000000000000 -0.104236392405213
  0.210164899857502  0.021780072944616 -0.089371055949982  0.077737846174806
  0.210024903057674  0.004763998515182 -0.030249605155715  0.015102276160929
 -0.000072625048730 -0.008003512191674 -0.009622343430621  0.000787278315914
 -0.002082144620659  0.009759636926476 -0.104236392405213  0.210164899857502
  0.021780072944616 -0.089371055949982 -0.077737846174806  0.210024903057674
  0.004763998515182 -0.030249605155715 -0.015102276160929 -0.000072625048730
 -0.008003512191674 -0.009622343430621  0.000787278315914  0.002082144620659
 -0.009759636926476 -0.159942727835130 -0.061366484445711 -0.009983543795762
  0.007915775482697  0.000000000000000  0.084773356533468  0.037135995446317
  0.000375703874748 -0.005598955035255 -0.004560683673975  0.097209060947602
  0.040055531816399  0.006499042639468  0.003686899819247  0.000469996443987
  0.111564037100413  0.046455302772593 -0.007127153765706  0.003624285213265
  0.000417977207819  0.084773356533468  0.037135995446317  0.000375703874748
 -0.005598955035255  0.004560683673975  0.111564037100413  0.046455302772593
 -0.007127153765706  0.003624285213265 -0.000417977207819  0.097209060947602
  0.040055531816399  0.006499042639468  0.003686899819247 -0.000469996443987
    7 Orbital Energy    -0.482394 Occupation  1.000000 Symmetry Ap      
  0.031670775369905 -0.076317370678507 -0.204237892857361  0.275256716521234
  0.000000000000000 -0.098135669242918 -0.098903790781649  0.119028320530204
  0.000000000000000  0.015125530517645 -0.011748161973389  0.002342967252813
 -0.005053796230409 -0.000000000000000 -0.000000000000000 -0.017595780452607
  0.034171667456518 -0.132772944562069  0.032292412174935  0.214703824943389
  0.040324371776829 -0.054531589849914  0.025372276609534  0.082590756531652
  0.000271520535007  0.006086295420593 -0.010171589681239  0.001206881816745
  0.005811993438962  0.009325412894831 -0.017595780452607  0.034171667456518
 -0.132772944562069  0.032292412174935 -0.214703824943389  0.040324371776829
 -0.054531589849914  0.025372276609534 -0.082590756531652  0.000271520535007
  0.006086295420593 -0.010171589681239  0.001206881816745 -0.005811993438962
 -0.009325412894831  0.170565233668897  0.119536845008599  0.005255134966344
 -0.003117702884264 -0.000000000000000  0.122774641157157  0.080969697291325
 -0.002344677012152 -0.003667710452694 -0.003080368110225  0.068921206190408
  0.052384973433842  0.001395992815939  0.003408109629949  0.002555302655636
 -0.044690688207190 -0.029914784343907 -0.000308987684374 -0.000812432973172
  0.003826209898570  0.122774641157157  0.080969697291325 -0.002344677012152
 -0.003667710452694  0.003080368110225 -0.044690688207190 -0.029914784343907
 -0.000308987684374 -0.000812432973172 -0.003826209898570  0.068921206190408
  0.052384973433842  0.001395992815939  0.003408109629949 -0.002555302655636
    8 Orbital Energy    -0.435096 Occupation  1.000000 Symmetry Ap      
  0.019250432703833 -0.042156791548727 -0.164674894561967 -0.125891926936769
  0.000000000000000 -0.061825725692025 -0.097118607285344 -0.074284921253595
  0.000000000000000  0.006368010344813  0.007189687269488 -0.012125545671839
  0.014445547872703  0.000000000000000 -0.000000000000000  0.002290269728433
 -0.007060216474374 -0.220922400052813 -0.141787049015254 -0.133941075427140
 -0.007618372444651 -0.092421085907335 -0.058411894871764 -0.057823077559740
  0.003595127993418 -0.002832427558806 -0.000664228387148  0.008209521629878
  0.004542085771194 -0.004818647640151  0.002290269728433 -0.007060216474374
 -0.220922400052813 -0.141787049015254  0.133941075427140 -0.007618372444651
 -0.092421085907335 -0.058411894871764  0.057823077559740  0.003595127993418
 -0.002832427558806 -0.000664228387148  0.008209521629878 -0.004542085771194
  0.004818647640151  0.003953330047176 -0.001554278301743 -0.003675786406877
 -0.004844174721378 -0.000000000000000 -0.114821410981908 -0.091858424977213
 -0.003915523407426  0.001161025290948  0.003567282854356  0.150193502913014
  0.131748754955638  0.002754250117378  0.002875841385996 -0.003714742780481
 -0.069124959596906 -0.056580829716386 -0.000875466326633 -0.005007390642644
 -0.001581414996135 -0.114821410981908 -0.091858424977213 -0.003915523407426
  0.001161025290948 -0.003567282854356 -0.069124959596906 -0.056580829716386
 -0.000875466326633 -0.005007390642644  0.001581414996135  0.150193502913014
  0.131748754955638  0.002754250117378  0.002875841385996  0.003714742780481
    9 Orbital Energy    -0.429692 Occupation  1.000000 Symmetry App     
  0.000000000000000  0.000000000000000  0.000000000000000 -0.000000000000000
 -0.356299290827892  0.000000000000000  0.000000000000000 -0.000000000000000
 -0.166425778453475 -0.000000000000000  0.000000000000000 -0.000000000000000
  0.000000000000000  0.010060968425008  0.006034935301678 -0.008434913724389
  0.014371006282662 -0.008140040816807 -0.289750016950681  0.118368560162891
  0.023026867272664  0.007845377174960 -0.119209806637579  0.047963894892596
  0.013543766820299 -0.004499737144753 -0.009507599820719  0.000448634749995
  0.000668291597238  0.009187848128072  0.008434913724389 -0.014371006282662
  0.008140040816807  0.289750016950681  0.118368560162891 -0.023026867272664
 -0.007845377174960  0.119209806637579  0.047963894892596 -0.013543766820299
  0.004499737144753  0.009507599820719 -0.000448634749995  0.000668291597238
  0.009187848128072  0.000000000000000  0.000000000000000  0.000000000000000
 -0.000000000000000 -0.010493008195931 -0.036239170800704 -0.032203466977908
 -0.000332686559947 -0.003703560803927  0.003283253073972  0.119383326568306
  0.097071861053325  0.005478593519674  0.000233763183494  0.001359434239545
  0.105291864114094  0.074406386942317 -0.005241395774743 -0.001423572483021
  0.001300922245330  0.036239170800704  0.032203466977908  0.000332686559947
  0.003703560803927  0.003283253073972 -0.105291864114094 -0.074406386942317
  0.005241395774743  0.001423572483021  0.001300922245330 -0.119383326568306
 -0.097071861053325 -0.005478593519674 -0.000233763183494  0.001359434239545
   10 Orbital Energy    -0.381379 Occupation  1.000000 Symmetry App     
  0.000000000000000  0.000000000000000 -0.000000000000000  0.000000000000000
  0.027504113530751  0.000000000000000 -0.000000000000000  0.000000000000000
  0.008357786546489 -0.000000000000000 -0.000000000000000 -0.000000000000000
  0.000000000000000  0.012469835576721 -0.003085001249313 -0.001005125547130
  0.004625933485137  0.325847237350149 -0.023495337603615 -0.037535888889973
  0.002725838939425  0.148631812859439 -0.015070318368830 -0.013727242957119
  0.002312703951809 -0.000713484650963 -0.001484677219795 -0.015567148754875
  0.002332795074946 -0.002633323153420  0.001005125547130 -0.004625933485137
 -0.325847237350149  0.023495337603615 -0.037535888889973 -0.002725838939425
 -0.148631812859439  0.015070318368830 -0.013727242957119 -0.002312703951809
  0.000713484650963  0.001484677219795  0.015567148754875  0.002332795074946
 -0.002633323153420  0.000000000000000  0.000000000000000  0.000000000000000
 -0.000000000000000 -0.001382294989759 -0.032606143518973 -0.030675885638895
  0.006511170093657  0.000565437568741  0.000619509217937 -0.156233451625376
 -0.140166591983416 -0.000881782811292 -0.005827193739190 -0.000908168118580
  0.183142456104766  0.154214222732951 -0.002360031508254  0.005009823119885
 -0.000524314783692  0.032606143518973  0.030675885638895 -0.006511170093657
 -0.000565437568741  0.000619509217937 -0.183142456104766 -0.154214222732951
  0.002360031508254 -0.005009823119885 -0.000524314783692  0.156233451625376
  0.140166591983416  0.000881782811292  0.005827193739190 -0.000908168118580
   11 Orbital Energy    -0.359763 Occupation  1.000000 Symmetry Ap      
 -0.002434714169264  0.010855308713124  0.116265262690055 -0.269108257053972
 -0.000000000000000  0.009414215030389  0.059918115178224 -0.142974263145662
 -0.000000000000000 -0.013979362467996 -0.002496412173344  0.015570765029517
  0.018501225592794  0.000000000000000  0.000000000000000 -0.013489703877640
  0.030768686524299 -0.140038996343526  0.241620340492425 -0.009122543935837
  0.050905284243906 -0.062796368352116  0.104939466537271  0.001907496308381
 -0.012961283085729 -0.006718898192979  0.015827439219247  0.010283497857736
 -0.003793789840925  0.003521304553169 -0.013489703877640  0.030768686524299
 -0.140038996343526  0.241620340492425  0.009122543935837  0.050905284243906
 -0.062796368352116  0.104939466537271 -0.001907496308381 -0.012961283085729
 -0.006718898192979  0.015827439219247  0.010283497857736  0.003793789840925
 -0.003521304553169 -0.190996393916416 -0.168797205024945 -0.005751439039999
 -0.000089686654499  0.000000000000000  0.114674509948975  0.102727187738943
 -0.002846892566091  0.000536289569378 -0.004317452844696 -0.012824143611116
 -0.018914975644608 -0.003401459981247  0.004235212905034  0.000454493788169
 -0.170373970872360 -0.180048936289246  0.004437540014118  0.000370003516113
  0.001476749852453  0.114674509948975  0.102727187738943 -0.002846892566091
  0.000536289569378  0.004317452844696 -0.170373970872360 -0.180048936289246
  0.004437540014118  0.000370003516113 -0.001476749852453 -0.012824143611116
 -0.018914975644608 -0.003401459981247  0.004235212905034 -0.000454493788169
   12 Orbital Energy    -0.357329 Occupation  1.000000 Symmetry App     
  0.000000000000000  0.000000000000000 -0.000000000000000  0.000000000000000
  0.242142776907692  0.000000000000000 -0.000000000000000  0.000000000000000
  0.114568228183415  0.000000000000000 -0.000000000000000 -0.000000000000000
  0.000000000000000 -0.007757215654323 -0.016604011520226 -0.016452731828633
  0.036693575409907 -0.042424329930845 -0.122530806471102 -0.303404767833921
  0.068525963865720 -0.021587836296317 -0.047837947255416 -0.128536119038285
  0.004187407447009  0.001934877636680 -0.010448866095132  0.003102141170002
 -0.000581726224629 -0.020241499698373  0.016452731828633 -0.036693575409907
  0.042424329930845  0.122530806471102 -0.303404767833921 -0.068525963865720
  0.021587836296317  0.047837947255416 -0.128536119038285 -0.004187407447009
 -0.001934877636680  0.010448866095132 -0.003102141170002 -0.000581726224629
 -0.020241499698373  0.000000000000000  0.000000000000000 -0.000000000000000
  0.000000000000000  0.005599309087798 -0.208940295524531 -0.214434322957737
 -0.000639168658283  0.003729496349490  0.002837042029164  0.082635022027705
  0.070539590910396  0.002778871120191 -0.000164588924737 -0.004846060126598
  0.028778863126190  0.020075750703208 -0.002241799203286 -0.002097617978400
 -0.005179809900523  0.208940295524531  0.214434322957737  0.000639168658283
 -0.003729496349490  0.002837042029164 -0.028778863126190 -0.020075750703208
  0.002241799203286  0.002097617978400 -0.005179809900523 -0.082635022027705
 -0.070539590910396 -0.002778871120191  0.000164588924737 -0.004846060126598
   13 Orbital Energy    -0.215152 Occupation  1.000000 Symmetry Ap      
  0.058076829267050 -0.122560315614768 -0.463119112804948 -0.269241252340987
  0.000000000000000 -0.265224772143985 -0.364612756291459 -0.240720721391436
  0.000000000000000  0.018445306729666  0.003317213003384 -0.002153948176864
  0.010738310439755 -0.000000000000000 -0.000000000000000 -0.014687967237686
  0.033897400285341  0.092122998068624  0.074502525116970 -0.039139208138613
  0.040673641113724 -0.006056823983720  0.018655888761049 -0.006881365104455
 -0.005024201052586 -0.008736301872112  0.008876976048937 -0.020988356083256
  0.015630697745899  0.005009830012149 -0.014687967237686  0.033897400285341
  0.092122998068624  0.074502525116970  0.039139208138613  0.040673641113724
 -0.006056823983720  0.018655888761049  0.006881365104455 -0.005024201052586
 -0.008736301872112  0.008876976048937 -0.020988356083256 -0.015630697745899
 -0.005009830012149  0.069729206391316  0.075465696713340 -0.010774051563870
 -0.011584931733948  0.000000000000000  0.042317856715323  0.042881107429585
  0.002724430165191  0.000015589433686 -0.000843761371070 -0.131159452025668
 -0.228885675566021 -0.001443625490098 -0.000292839951835 -0.001607345509429
  0.069619317068730  0.104157395118076  0.000049824579822  0.002602934973535
  0.000240958249412  0.042317856715323  0.042881107429585  0.002724430165191
  0.000015589433686  0.000843761371070  0.069619317068730  0.104157395118076
  0.000049824579822  0.002602934973535 -0.000240958249412 -0.131159452025668
 -0.228885675566021 -0.001443625490098 -0.000292839951835  0.001607345509429
   14 Orbital Energy     0.087194 Occupation  0.000000 Symmetry Ap      
 -0.078310790260968  0.112389181239117 -0.130701583053343  0.088351383322056
  0.000000000000000  1.114158352923311 -0.368045346583151  0.160815842172450
  0.000000000000000 -0.017819704695016 -0.023030299022093 -0.010794718078560
 -0.001776029388335  0.000000000000000 -0.000000000000000 -0.060031364740961
  0.076560567538833 -0.026813832850153 -0.080255993427814  0.135474716855236
  0.927896723021457  0.024661471445943 -0.254469114358071  0.449973172838700
 -0.011359417505649 -0.005390928899537 -0.006704018302559  0.000129438061186
  0.003274147468190 -0.012025133489849 -0.060031364740961  0.076560567538833
 -0.026813832850153 -0.080255993427814 -0.135474716855236  0.927896723021457
  0.024661471445943 -0.254469114358071 -0.449973172838700 -0.011359417505649
 -0.005390928899537 -0.006704018302559  0.000129438061186 -0.003274147468190
  0.012025133489849 -0.051365969545579 -1.004150741383590  0.005329342021097
  0.000053909895985 -0.000000000000000 -0.033464361201465 -0.608455158878377
  0.000932187961042 -0.005353688828139  0.000166891209066  0.000909042051112
 -0.529158075435690  0.003955760790561  0.000310289442744  0.005499550625053
  0.000157478458319 -0.461969055868947 -0.003628215179851 -0.001006873664309
  0.007211051172168 -0.033464361201465 -0.608455158878377  0.000932187961042
 -0.005353688828139 -0.000166891209066  0.000157478458319 -0.461969055868947
 -0.003628215179851 -0.001006873664309 -0.007211051172168  0.000909042051112
 -0.529158075435690  0.003955760790561  0.000310289442744 -0.005499550625053
   15 Orbital Energy     0.133506 Occupation  0.000000 Symmetry Ap      
 -0.068021532197571  0.069653736506360 -0.153231814650778  0.049977339922454
  0.000000000000000  1.077443028420515 -0.348571694787909  0.018391563089347
  0.000000000000000 -0.012907828186841 -0.039785776150639 -0.013267194735714
  0.007271177324221  0.000000000000000 -0.000000000000000  0.067690818262740
 -0.077184327608035 -0.068461005448055  0.161792353968467  0.042236234488347
 -1.160911052995542 -0.140006929514037  0.390091750020003  0.148574640093151
  0.007210583404246  0.005532097098856  0.002500457234887 -0.001921877579277
  0.005604237063464 -0.007419526199750  0.067690818262740 -0.077184327608035
 -0.068461005448055  0.161792353968467 -0.042236234488347 -1.160911052995542
 -0.140006929514037  0.390091750020003 -0.148574640093151  0.007210583404246
  0.005532097098856  0.002500457234887 -0.001921877579277 -0.005604237063464
  0.007419526199750 -0.097453407474905 -1.065157400444274  0.003224179554750
 -0.007953731884059 -0.000000000000000 -0.010277869221892 -0.052546849558813
  0.000554994909316 -0.000949883618281  0.000645313685002  0.012947312724286
  0.606949954547892 -0.003073039332327  0.001185540301673  0.000152353888548
  0.036909967254049  0.981272424242639  0.003382131900239 -0.000457545483509
  0.001585404738742 -0.010277869221892 -0.052546849558813  0.000554994909316
 -0.000949883618281 -0.000645313685002  0.036909967254049  0.981272424242639
  0.003382131900239 -0.000457545483509 -0.001585404738742  0.012947312724286
  0.606949954547892 -0.003073039332327  0.001185540301673 -0.000152353888548
   16 Orbital Energy     0.151367 Occupation  0.000000 Symmetry App     
  0.000000000000000  0.000000000000000  0.000000000000000 -0.000000000000000
 -0.106717205730067  0.000000000000000  0.000000000000000 -0.000000000000000
 -0.419788995282644 -0.000000000000000 -0.000000000000000 -0.000000000000000
  0.000000000000000  0.002349803195719 -0.006277100053054 -0.113506578184012
  0.135223754332395 -0.019874667045915 -0.031431662258507  0.103623121311905
  1.912272241931407 -0.000368378917316 -0.090831211270639  0.133791895638473
 -0.013843674047225 -0.013805040719190 -0.003319235834107 -0.001898603529439
  0.000035658950839  0.003558704809479  0.113506578184012 -0.135223754332395
  0.019874667045915  0.031431662258507  0.103623121311905 -1.912272241931407
  0.000368378917316  0.090831211270639  0.133791895638473  0.013843674047225
  0.013805040719190  0.003319235834107  0.001898603529439  0.000035658950839
  0.003558704809479  0.000000000000000  0.000000000000000  0.000000000000000
 -0.000000000000000 -0.006375481099830  0.021061293896329 -0.804002799791672
 -0.000832230119949 -0.006073640666809 -0.001392053206602 -0.043906474004086
 -0.876454177187037  0.003080260111911  0.003336838495264 -0.002112905747243
 -0.035412008251306 -0.816319404517844 -0.002922531631193  0.001536843786984
 -0.001476697970825 -0.021061293896329  0.804002799791672  0.000832230119949
  0.006073640666809 -0.001392053206602  0.035412008251306  0.816319404517844
  0.002922531631193 -0.001536843786984 -0.001476697970825  0.043906474004086
  0.876454177187037 -0.003080260111911 -0.003336838495264 -0.002112905747243
   17 Orbital Energy     0.155888 Occupation  0.000000 Symmetry Ap      
 -0.079594431708150  0.100855222054847 -0.080473506834247 -0.051321893499080
  0.000000000000000  1.244969471930562 -0.248113398890419 -0.043082495454680
  0.000000000000000 -0.020571411502313 -0.001134741236994 -0.035700986166182
 -0.003941711220646  0.000000000000000 -0.000000000000000  0.065840663150847
 -0.090569229250086  0.038168514825734 -0.208993837626715 -0.051258789533455
 -0.925616229507320  0.193343242718826 -0.748492341175141 -0.112581232612350
 -0.010507831687587  0.003563706159039  0.025040201743764  0.002065481984295
  0.001551264037183  0.001929703095406  0.065840663150847 -0.090569229250086
  0.038168514825734 -0.208993837626715  0.051258789533455 -0.925616229507320
  0.193343242718826 -0.748492341175141  0.112581232612350 -0.010507831687587
  0.003563706159039  0.025040201743764  0.002065481984295 -0.001551264037183
 -0.001929703095406 -0.009224917274291 -0.488779287710340  0.004639585356750
  0.001298132650193 -0.000000000000000  0.079417192155973  1.223844738431707
  0.001464769652943 -0.002361355780952  0.007703517494060 -0.026640287998525
 -0.024727156701374  0.003261181886441 -0.006388482051887 -0.000655434844405
 -0.052624469418764 -0.346273595168587 -0.002095869439384 -0.005710918211793
  0.001258655429757  0.079417192155973  1.223844738431707  0.001464769652943
 -0.002361355780952 -0.007703517494060 -0.052624469418764 -0.346273595168587
 -0.002095869439384 -0.005710918211793 -0.001258655429757 -0.026640287998525
 -0.024727156701374  0.003261181886441 -0.006388482051887  0.000655434844405
   18 Orbital Energy     0.170992 Occupation  0.000000 Symmetry Ap      
 -0.008688506727287 -0.003256536235717 -0.104436917877268 -0.091665232121834
  0.000000000000000  0.233019010549070 -0.355175184722980 -0.238605920812215
  0.000000000000000  0.002496169371294 -0.008675812426573 -0.002591213714390
 -0.004049007146267 -0.000000000000000 -0.000000000000000  0.007268128063343
  0.003078282388254  0.310304551035501  0.071067224369676  0.055694316064574
 -0.187154293310839  0.892618199570462  0.166196149177027  0.256750651710018
  0.001176794401127 -0.003297232971744  0.001355204092883  0.003015228710288
  0.008147573854965 -0.004216129420341  0.007268128063343  0.003078282388254
  0.310304551035501  0.071067224369676 -0.055694316064574 -0.187154293310839
  0.892618199570462  0.166196149177027 -0.256750651710018  0.001176794401127
 -0.003297232971744  0.001355204092883  0.003015228710288 -0.008147573854965
  0.004216129420341  0.038247584871723  0.039944147680829 -0.003001189657503
 -0.001080252171394  0.000000000000000 -0.012393869341126 -0.299879419773340
  0.008364684021176 -0.001683914263760  0.000144704570860  0.030146646653744
  1.172988481413985 -0.000878179938857 -0.002774294574111 -0.002898974527308
 -0.016263650396677 -0.808181272160376  0.000948094717036  0.005587326542040
  0.007314007273890 -0.012393869341126 -0.299879419773340  0.008364684021176
 -0.001683914263760 -0.000144704570860 -0.016263650396677 -0.808181272160376
  0.000948094717036  0.005587326542040 -0.007314007273890  0.030146646653744
  1.172988481413985 -0.000878179938857 -0.002774294574111  0.002898974527308
   19 Orbital Energy     0.188879 Occupation  0.000000 Symmetry App     
  0.000000000000000  0.000000000000000  0.000000000000000 -0.000000000000000
 -0.097784858155274  0.000000000000000  0.000000000000000 -0.000000000000000
 -0.113455914140670  0.000000000000000 -0.000000000000000  0.000000000000000
 -0.000000000000000 -0.020939485758602 -0.005752202011870 -0.007318727434098
  0.015102978407489 -0.245085254349587 -0.099596547485367 -0.144452628054519
 -0.032874780077758 -0.810904007191333 -0.258531407265260 -0.436373327720630
  0.001080668646768 -0.002736461971558 -0.003471548290961 -0.018190130948762
  0.002263724029669  0.006525381161096  0.007318727434098 -0.015102978407489
  0.245085254349587  0.099596547485367 -0.144452628054519  0.032874780077758
  0.810904007191333  0.258531407265260 -0.436373327720630 -0.001080668646768
  0.002736461971558  0.003471548290961  0.018190130948762  0.002263724029669
  0.006525381161096  0.000000000000000  0.000000000000000 -0.000000000000000
  0.000000000000000  0.006040376121571  0.028298071715701  0.670175456109441
 -0.008175030331520  0.001836513319945 -0.000254744359246 -0.086953433092700
 -1.124255374272882  0.001249483200342  0.004782602467636 -0.005985832662048
  0.077570256292800  0.755592561253670 -0.001407853652436 -0.005065952948227
 -0.000899226040843 -0.028298071715701 -0.670175456109441  0.008175030331520
 -0.001836513319945 -0.000254744359246 -0.077570256292800 -0.755592561253670
  0.001407853652436  0.005065952948227 -0.000899226040843  0.086953433092700
  1.124255374272882 -0.001249483200342 -0.004782602467636 -0.005985832662048
   20 Orbital Energy     0.192973 Occupation  0.000000 Symmetry App     
  0.000000000000000  0.000000000000000  0.000000000000000 -0.000000000000000
 -0.068523208705360  0.000000000000000  0.000000000000000 -0.000000000000000
 -0.107658544496009 -0.000000000000000 -0.000000000000000 -0.000000000000000
  0.000000000000000  0.015596084856859 -0.010962510761803 -0.015746660137780
  0.037392498940956  0.143300657211388 -0.189409744251342 -0.213363201451209
  0.083537950698500  0.490273342345106 -0.588331841047559 -0.646261181936240
 -0.004444431715095 -0.000353186418965 -0.000109428436768  0.009719043613958
 -0.001547033302606  0.006798108592223  0.015746660137780 -0.037392498940956
 -0.143300657211388  0.189409744251342 -0.213363201451209 -0.083537950698500
 -0.490273342345106  0.588331841047559 -0.646261181936240  0.004444431715095
  0.000353186418965  0.000109428436768 -0.009719043613958 -0.001547033302606
  0.006798108592223  0.000000000000000  0.000000000000000  0.000000000000000
 -0.000000000000000 -0.008996510052846  0.062937659392952  1.162589545334993
  0.004114394288107  0.001882418705367  0.000840885048478  0.027079471569592
  0.023201855982149  0.003580080045148 -0.003618810881887 -0.003524199241248
 -0.065778625428839 -1.044557393312276 -0.003248183257236  0.001457731159216
 -0.006345495968674 -0.062937659392952 -1.162589545334993 -0.004114394288107
 -0.001882418705367  0.000840885048478  0.065778625428839  1.044557393312276
  0.003248183257236 -0.001457731159216 -0.006345495968674 -0.027079471569592
 -0.023201855982149 -0.003580080045148  0.003618810881887 -0.003524199241248
   21 Orbital Energy     0.211091 Occupation  0.000000 Symmetry Ap      
  0.073381032687880 -0.083911689872543 -0.154678753356717  0.344858406682224
  0.000000000000000 -1.261151509587048 -0.424962665072460  1.170194667020056
  0.000000000000000  0.023366625685911  0.010228596784429  0.016973412318157
 -0.003529309572698 -0.000000000000000  0.000000000000000 -0.044525453932960
  0.042222302598916  0.042157515853434  0.063365609974341 -0.161029443918969
  0.819030398777256  0.312534375747914  0.206276457511871 -0.982020408995720
  0.000016757167272  0.014286457086372 -0.012211512245992 -0.001046148203300
  0.010007710743286  0.019863218570940 -0.044525453932960  0.042222302598916
  0.042157515853434  0.063365609974341  0.161029443918969  0.819030398777256
  0.312534375747914  0.206276457511871  0.982020408995720  0.000016757167272
  0.014286457086372 -0.012211512245992 -0.001046148203300 -0.010007710743286
 -0.019863218570940 -0.052443608066567 -1.081865187874337  0.000959094748484
  0.007735336474213  0.000000000000000  0.053530226875719  0.337155904686661
  0.003949168880035  0.009730239873724 -0.007374785794222  0.016319156455938
  0.094675922047371  0.001192168937916 -0.001876527311245 -0.013512344651758
  0.009846710360604 -0.383896696785376  0.000193494874136 -0.002249806699644
 -0.005132667215139  0.053530226875719  0.337155904686661  0.003949168880035
  0.009730239873724  0.007374785794222  0.009846710360604 -0.383896696785376
  0.000193494874136 -0.002249806699644  0.005132667215139  0.016319156455938
  0.094675922047371  0.001192168937916 -0.001876527311245  0.013512344651758
   22 Orbital Energy     0.267520 Occupation  0.000000 Symmetry App     
  0.000000000000000  0.000000000000000  0.000000000000000 -0.000000000000000
 -0.443746512769348  0.000000000000000  0.000000000000000 -0.000000000000000
 -1.458312145479771 -0.000000000000000 -0.000000000000000 -0.000000000000000
  0.000000000000000  0.018274309597022 -0.000807040305338 -0.037422073805136
  0.032458964202006  0.029543745913326  0.181446463569907 -0.146433457438683
  0.703183371928777  0.139955594156653  1.090049742278619 -0.814449547619005
  0.020841144262423 -0.012330519359422 -0.006653713724696 -0.000502995353364
  0.000238193606274  0.024535706102929  0.037422073805136 -0.032458964202006
 -0.029543745913326 -0.181446463569907 -0.146433457438683 -0.703183371928777
 -0.139955594156653 -1.090049742278619 -0.814449547619005 -0.020841144262423
  0.012330519359422  0.006653713724696  0.000502995353364  0.000238193606274
  0.024535706102929  0.000000000000000  0.000000000000000  0.000000000000000
 -0.000000000000000 -0.006712800371544  0.044552380231027 -0.237276960852321
  0.000181027601513  0.005805192713579 -0.002227735820654  0.057661758457491
  0.594968613688088 -0.007260074615736  0.007964623237357 -0.008237548863403
  0.056472730777822  0.290435152215293  0.006718999093201  0.008193813759972
 -0.008151999078685 -0.044552380231027  0.237276960852321 -0.000181027601513
 -0.005805192713579 -0.002227735820654 -0.056472730777822 -0.290435152215293
 -0.006718999093201 -0.008193813759972 -0.008151999078685 -0.057661758457491
 -0.594968613688088  0.007260074615736 -0.007964623237357 -0.008237548863403
   23 Orbital Energy     0.518154 Occupation  0.000000 Symmetry Ap      
  0.007955975382406 -0.131330754152229 -0.033488487733787  0.158919682674820
  0.000000000000000  0.595172985190916  0.050749164189030 -0.390941816923282
 -0.000000000000000 -0.062485977971566 -0.031679674677003  0.050397034182898
  0.030028304211117  0.000000000000000 -0.000000000000000 -0.013511412739914
  0.151184419166463  0.087897092744441 -0.178435207471832 -0.479803654359897
 -0.407463381960833 -0.199628391728294  0.395519915917143  0.670279855416457
  0.058800904096140  0.007706065973494 -0.069591732310106 -0.011338734549459
  0.009028740003830 -0.032119995062461 -0.013511412739914  0.151184419166463
  0.087897092744441 -0.178435207471832  0.479803654359897 -0.407463381960833
 -0.199628391728294  0.395519915917143 -0.670279855416457  0.058800904096140
  0.007706065973494 -0.069591732310106 -0.011338734549459 -0.009028740003830
  0.032119995062461 -0.154537943866343  0.076350465063722  0.024212387036317
 -0.013488156752960 -0.000000000000000 -0.330254773109838  0.095283746294901
 -0.003045420390316  0.019964839846858  0.006514893423825  0.103969883392920
  0.035643520894741 -0.007989952480267  0.015678141248755  0.007387354234219
  0.224850779074381  0.076717523766125  0.000830328858062  0.016025073033282
  0.008696540340100 -0.330254773109838  0.095283746294901 -0.003045420390316
  0.019964839846858 -0.006514893423825  0.224850779074381  0.076717523766125
  0.000830328858062  0.016025073033282 -0.008696540340100  0.103969883392920
  0.035643520894741 -0.007989952480267  0.015678141248755 -0.007387354234219
&
&hess
   1
   1  4.117689E-01
   2 -2.042119E-01  4.630511E-01
   3 -1.228307E-18  1.170716E-18  5.485434E-01
   4 -8.449067E-02 -8.131984E-03  3.263715E-02  6.240492E-01
   5  1.270285E-02 -1.271644E-01  9.944516E-02 -1.673135E-03  6.192395E-01
   6  4.162756E-03  4.860102E-02 -2.351462E-01 -9.450498E-03  3.770953E-02
   7 -8.449067E-02 -8.131984E-03 -3.263715E-02  5.681553E-03 -1.148700E-03
   8  1.270285E-02 -1.271644E-01 -9.944516E-02 -1.148700E-03 -8.845793E-03
   9 -4.162756E-03 -4.860102E-02 -2.351462E-01 -4.694875E-03 -5.003026E-02
  10 -2.791185E-01  2.174825E-01  6.007343E-19  6.268708E-03 -2.367741E-03
  11  1.816995E-01 -1.836750E-01 -4.514954E-19  1.059502E-02 -1.272054E-02
  12  5.671191E-19 -4.901161E-19 -8.818159E-02 -2.141784E-02  1.375487E-02
  13  1.536813E-04  3.912233E-03  2.259391E-03 -7.705415E-02 -1.754460E-03
  14  8.286933E-04  1.556503E-02  1.246157E-02 -1.678735E-04 -1.630825E-01
  15 -1.885366E-03 -6.933416E-03 -9.215470E-03  5.962515E-03 -1.329071E-01
  16  7.395723E-03 -2.170901E-03  1.408857E-03 -2.241299E-01 -1.149787E-01
  17 -1.369549E-02 -1.555520E-02 -9.855601E-04 -1.207604E-01 -1.676710E-01
  18  1.847259E-02  1.784953E-02  9.111739E-03  1.902859E-02  1.395531E-02
  19  1.061604E-02 -2.446256E-04 -2.567542E-03 -2.502553E-01  1.126991E-01
  20  1.142016E-02 -1.253347E-02 -3.239878E-03  1.203281E-01 -1.521656E-01
  21 -1.981076E-02  1.720343E-02  5.069012E-03 -2.131936E-02  8.106985E-03
  22  1.536813E-04  3.912233E-03 -2.259391E-03  1.886673E-03 -6.461385E-04
  23  8.286933E-04  1.556503E-02 -1.246157E-02 -6.158113E-04 -6.815904E-04
  24  1.885366E-03  6.933416E-03 -9.215470E-03 -1.066229E-03  3.911587E-03
  25  1.061604E-02 -2.446256E-04  2.567542E-03 -1.355902E-03 -4.743485E-03
  26  1.142016E-02 -1.253347E-02  3.239878E-03 -1.924409E-03  7.697305E-03
  27  1.981076E-02 -1.720343E-02  5.069012E-03  7.950600E-04  6.171211E-03
  28  7.395723E-03 -2.170901E-03 -1.408857E-03 -6.001566E-04  1.910386E-03
  29 -1.369549E-02 -1.555520E-02  9.855601E-04  3.499156E-03  5.394753E-03
  30 -1.847259E-02 -1.784953E-02  9.111739E-03 -4.745175E-04 -1.173242E-04
   6
   6  6.202566E-01
   7  4.694875E-03  6.240492E-01
   8  5.003026E-02 -1.673135E-03  6.192395E-01
   9  7.146106E-03  9.450498E-03 -3.770953E-02  6.202566E-01
  10 -5.716014E-03  6.268708E-03 -2.367741E-03  5.716014E-03  2.675554E-01
  11  8.330409E-03  1.059502E-02 -1.272054E-02 -8.330409E-03 -2.052734E-01
  12  8.243699E-03  2.141784E-02 -1.375487E-02  8.243699E-03 -5.589686E-19
  13  4.652585E-03  1.886673E-03 -6.461385E-04 -1.887298E-03  8.915560E-04
  14 -1.221936E-01 -6.158113E-04 -6.815904E-04  4.440689E-03 -3.016369E-04
  15 -2.376530E-01  1.066229E-03 -3.911587E-03 -1.071492E-02  2.345793E-03
  16  8.714217E-03 -6.001566E-04  1.910386E-03  2.381558E-03 -8.807729E-04
  17 -9.241310E-04  3.499156E-03  5.394753E-03  8.479454E-03 -3.929454E-03
  18 -7.470888E-02  4.745175E-04  1.173242E-04 -3.030167E-03  5.654702E-03
  19 -9.546334E-03 -1.355902E-03 -4.743485E-03 -2.982672E-03 -4.979554E-04
  20  1.054875E-05 -1.924409E-03  7.697305E-03  8.643898E-03  4.943152E-04
  21 -6.584572E-02 -7.950600E-04 -6.171211E-03 -8.547507E-03 -3.733232E-04
  22  1.887298E-03 -7.705415E-02 -1.754460E-03 -4.652585E-03  8.915560E-04
  23 -4.440689E-03 -1.678735E-04 -1.630825E-01  1.221936E-01 -3.016369E-04
  24 -1.071492E-02 -5.962515E-03  1.329071E-01 -2.376530E-01 -2.345793E-03
  25  2.982672E-03 -2.502553E-01  1.126991E-01  9.546334E-03 -4.979554E-04
  26 -8.643898E-03  1.203281E-01 -1.521656E-01 -1.054875E-05  4.943152E-04
  27 -8.547507E-03  2.131936E-02 -8.106985E-03 -6.584572E-02  3.733232E-04
  28 -2.381558E-03 -2.241299E-01 -1.149787E-01 -8.714217E-03 -8.807729E-04
  29 -8.479454E-03 -1.207604E-01 -1.676710E-01  9.241310E-04 -3.929454E-03
  30 -3.030167E-03 -1.902859E-02 -1.395531E-02 -7.470888E-02 -5.654702E-03
  11
  11  2.006008E-01
  12  4.773320E-19  7.167433E-02
  13 -1.083592E-03 -1.418124E-03  5.844888E-02
  14  2.194406E-04  2.146447E-05 -1.662545E-03  1.589007E-01
  15  2.367694E-04 -4.480733E-05 -5.219081E-03  1.311108E-01  2.379446E-01
  16  2.113973E-03  7.716289E-04  8.663231E-03  4.502543E-03 -2.808422E-03
  17  2.627079E-03 -1.037583E-03 -1.380098E-02 -6.539982E-03  5.433187E-03
  18 -3.750564E-03 -6.570062E-04 -2.638623E-02 -1.529605E-02  1.013443E-02
  19  1.615824E-04  6.519881E-04  7.810453E-03 -2.847523E-03  1.736540E-03
  20  1.411148E-03  1.030731E-03  1.527125E-02 -6.573296E-03  6.688797E-03
  21  2.240626E-04  7.117472E-04  2.769756E-02 -1.333100E-02  9.945955E-03
  22 -1.083592E-03  1.418124E-03 -9.040849E-04 -4.428170E-04 -4.978312E-04
  23  2.194406E-04 -2.146447E-05 -4.428170E-04  1.523303E-03 -1.570820E-03
  24 -2.367694E-04 -4.480733E-05  4.978312E-04  1.570820E-03 -7.114427E-04
  25  1.615824E-04 -6.519881E-04 -4.826753E-05  7.905437E-04 -1.127176E-03
  26  1.411148E-03 -1.030731E-03  8.649480E-04  1.065171E-04  1.431229E-03
  27 -2.240626E-04  7.117472E-04 -6.811476E-05  4.380399E-04  1.982820E-04
  28  2.113973E-03 -7.716289E-04  1.520246E-04 -8.357243E-05  4.267996E-04
  29  2.627079E-03  1.037583E-03 -6.578961E-04  5.623644E-04  4.221479E-04
  30  3.750564E-03 -6.570062E-04 -1.285164E-04  7.773074E-04  1.164005E-04
  16
  16  2.212789E-01
  17  1.290809E-01  1.608541E-01
  18 -1.271341E-02 -1.115365E-02  6.137859E-02
  19 -1.263545E-02  1.789802E-02 -2.654194E-03  2.462128E-01
  20 -1.998768E-02  2.112304E-02 -2.698893E-04 -1.260323E-01  1.451235E-01
  21  2.470752E-03 -9.524121E-05 -7.659566E-04  1.224682E-02 -8.450492E-03
  22  1.520246E-04 -6.578961E-04  1.285164E-04 -4.826753E-05  8.649480E-04
  23 -8.357243E-05  5.623644E-04 -7.773074E-04  7.905437E-04  1.065171E-04
  24 -4.267996E-04 -4.221479E-04  1.164005E-04  1.127176E-03 -1.431229E-03
  25  3.179625E-04  1.594750E-03 -1.036541E-03 -1.643678E-04  7.240109E-04
  26 -1.158373E-03 -2.576459E-03  2.072593E-03  7.240109E-04 -1.612666E-03
  27 -7.669234E-04 -2.041618E-03  1.064882E-03  9.516724E-04 -9.098922E-04
  28  4.384792E-04  7.714149E-04 -9.685419E-04  3.179625E-04 -1.158373E-03
  29  7.714149E-04  1.781321E-03 -2.747291E-03  1.594750E-03 -2.576459E-03
  30  9.685419E-04  2.747291E-03 -2.644028E-03  1.036541E-03 -2.072593E-03
  21
  21  5.740243E-02
  22  6.811476E-05  5.844888E-02
  23 -4.380399E-04 -1.662545E-03  1.589007E-01
  24  1.982820E-04  5.219081E-03 -1.311108E-01  2.379446E-01
  25 -9.516724E-04  7.810453E-03 -2.847523E-03 -1.736540E-03  2.462128E-01
  26  9.098922E-04  1.527125E-02 -6.573296E-03 -6.688797E-03 -1.260323E-01
  27  7.668770E-04 -2.769756E-02  1.333100E-02  9.945955E-03 -1.224682E-02
  28  7.669234E-04  8.663231E-03  4.502543E-03  2.808422E-03 -1.263545E-02
  29  2.041618E-03 -1.380098E-02 -6.539982E-03 -5.433187E-03  1.789802E-02
  30  1.064882E-03  2.638623E-02  1.529605E-02  1.013443E-02  2.654194E-03
  26
  26  1.451235E-01
  27  8.450492E-03  5.740243E-02
  28 -1.998768E-02 -2.470752E-03  2.212789E-01
  29  2.112304E-02  9.524121E-05  1.290809E-01  1.608541E-01
  30  2.698893E-04 -7.659566E-04  1.271341E-02  1.115365E-02  6.137859E-02
&
&valid
version=1.0
geometry
atom_num=10
   7     0.0502987575     0.5516675472    -0.0000000000
   6    -0.0002263615    -0.2540598031     1.2131128675
   6    -0.0002263615    -0.2540598031    -1.2131128675
   1    -0.7290848522     1.2044896188    -0.0000000000
   1    -0.0180982525     0.3987255394     2.0914567044
   1    -0.8684487155    -0.9379064456     1.2733899931
   1     0.9043503642    -0.8705484187     1.2772655480
   1    -0.0180982525     0.3987255394    -2.0914567044
   1     0.9043503642    -0.8705484187    -1.2772655480
   1    -0.8684487155    -0.9379064456    -1.2733899931
end
molecule
molchg=0
multip=1
qs_cuts=   0    0    0
end
basis
name=6-31g**                         
numd=6
atom_basis_num=0
end
&
