MAEFILE: cmp3_loner3.01.mae
&gen 
basis=6-31g** 
igeopt=1 
icfit=1 
dftname=b3lyp-d3 
&
&zmat
 N1            -0.1594519437             0.8294778094             0.0000000000
 C2             0.0490630319            -0.4262660458             0.7425361637
 C3             0.0490630319            -0.4262660458            -0.7425361637
 H4             0.7008676399             1.3761911483             0.0000000000
 H5             0.9952481980            -0.5903493639             1.2558772287
 H6            -0.8221265552            -0.7847970419             1.2857117620
 H7            -0.8221265552            -0.7847970419            -1.2857117620
 H8             0.9952481980            -0.5903493639            -1.2558772287
&
&guess  basgss=6-31g** numd=6
    1 Orbital Energy   -14.326259 Occupation  1.000000 Symmetry Ap      
  0.992796755482650  0.034615113438741  0.001437341667839 -0.000915044687520
  0.000000000000000  0.003068298212948 -0.000497671601484  0.000570583751141
 -0.000000000000000 -0.007847451943499 -0.007982783950667 -0.008068011068555
  0.000154327365068  0.000000000000000  0.000000000000000  0.000011020045934
  0.000260965421224 -0.000052596795065  0.000204115161171 -0.000078948785160
 -0.000053485444981  0.000159913678681 -0.000044803982013  0.000025627771892
  0.000053833845113 -0.000012933153768 -0.000053970675481  0.000012194710380
  0.000011177296416  0.000013512471933  0.000011020045934  0.000260965421224
 -0.000052596795065  0.000204115161171  0.000078948785160 -0.000053485444981
  0.000159913678681 -0.000044803982013 -0.000025627771892  0.000053833845113
 -0.000012933153768 -0.000053970675481  0.000012194710380 -0.000011177296416
 -0.000013512471933  0.000123927352602 -0.000430367497313  0.000253477430528
  0.000169311470486 -0.000000000000000 -0.000063043834805 -0.000049753468861
  0.000021172995419 -0.000026980458406  0.000037171041796 -0.000008957541675
  0.000002446591269 -0.000014523374543 -0.000052584528051  0.000035185487111
 -0.000008957541675  0.000002446591269 -0.000014523374543 -0.000052584528051
 -0.000035185487111 -0.000063043834805 -0.000049753468861  0.000021172995419
 -0.000026980458406 -0.000037171041796
    2 Orbital Energy   -10.211797 Occupation  1.000000 Symmetry Ap      
  0.000126591411189 -0.000016272583772  0.000045307833294 -0.000184959732688
  0.000000000000000 -0.002501275832622  0.000165020567605  0.000266168334024
 -0.000000000000000  0.000085548899503  0.000731211046318  0.000158554343680
 -0.000119761752160  0.000000000000000 -0.000000000000000 -0.701998456655939
 -0.034642371776621  0.000007251022415 -0.000426006225601  0.000285207837206
  0.007399039329628 -0.000092637161079  0.000619807002846  0.000057561095637
  0.006429647581168  0.006529343398088  0.006694216697679 -0.000019106016110
 -0.000027123924514  0.000161462456608 -0.701998456655939 -0.034642371776621
  0.000007251022415 -0.000426006225601 -0.000285207837206  0.007399039329628
 -0.000092637161079  0.000619807002846 -0.000057561095637  0.006429647581168
  0.006529343398088  0.006694216697679 -0.000019106016110  0.000027123924514
 -0.000161462456608  0.000023429722524 -0.000483366956947  0.000022034223098
  0.000212611586409 -0.000000000000000  0.000260763337864 -0.001581423832474
 -0.000085293347662 -0.000046433901292  0.000029246226732  0.000251078584480
 -0.001618882887155  0.000077140235592 -0.000030772780217  0.000029846361197
  0.000251078584480 -0.001618882887155  0.000077140235592 -0.000030772780217
 -0.000029846361197  0.000260763337864 -0.001581423832474 -0.000085293347662
 -0.000046433901292 -0.000029246226732
    3 Orbital Energy   -10.211506 Occupation  1.000000 Symmetry App     
  0.000000000000000  0.000000000000000 -0.000000000000000 -0.000000000000000
  0.000252784682718  0.000000000000000  0.000000000000000  0.000000000000000
 -0.001815014864033 -0.000000000000000  0.000000000000000  0.000000000000000
 -0.000000000000000  0.000043528638905 -0.000276609915636 -0.702206093609776
 -0.035059962955214  0.000015958693160 -0.000342647363252  0.000654406583901
  0.015000563011814 -0.000187380043542  0.000543278943496 -0.003143452926993
  0.006228060575602  0.006337548398835  0.005782322341464 -0.000007319924843
 -0.000031572815262  0.000194129396698  0.702206093609776  0.035059962955214
 -0.000015958693160  0.000342647363252  0.000654406583901 -0.015000563011814
  0.000187380043542 -0.000543278943496 -0.003143452926993 -0.006228060575602
 -0.006337548398835 -0.005782322341464  0.000007319924843 -0.000031572815262
  0.000194129396698  0.000000000000000  0.000000000000000  0.000000000000000
  0.000000000000000 -0.000008223829921  0.000028725692292 -0.001544606173915
 -0.000160435511374 -0.000007668326844  0.000037534024204 -0.000011598965898
 -0.001627514492743  0.000148724121838  0.000026947295042  0.000058873318784
  0.000011598965898  0.001627514492743 -0.000148724121838 -0.000026947295042
  0.000058873318784 -0.000028725692292  0.001544606173915  0.000160435511374
  0.000007668326844  0.000037534024204
    4 Orbital Energy    -0.947980 Occupation  1.000000 Symmetry Ap      
  0.154564045323595 -0.321034129510480 -0.072599428478888  0.123164514861206
 -0.000000000000000 -0.300790765561141 -0.032269876808219  0.051151125611608
 -0.000000000000000  0.009434746547630 -0.009206842624858  0.011194327884526
  0.006157233261210 -0.000000000000000 -0.000000000000000  0.103044688749348
 -0.199195100013905  0.007550490402462 -0.080735633077057  0.102264876041353
 -0.090484436004368 -0.004062246384876  0.002051352827909  0.004804059345602
  0.012969391836031 -0.001543541980920 -0.004316663369447  0.001486252450920
 -0.001833677855630  0.014691321660700  0.103044688749348 -0.199195100013905
  0.007550490402462 -0.080735633077057 -0.102264876041353 -0.090484436004368
 -0.004062246384876  0.002051352827909 -0.004804059345602  0.012969391836031
 -0.001543541980920 -0.004316663369447  0.001486252450920  0.001833677855630
 -0.014691321660700 -0.090817817618751 -0.004133573996175  0.009895431722773
  0.009189558715214 -0.000000000000000 -0.035871679143159 -0.001424466975106
  0.004131045903801 -0.001638106820242  0.003132121307155 -0.034549752600246
 -0.003173551630283 -0.003565787619599 -0.002386125225176  0.003226594372393
 -0.034549752600246 -0.003173551630283 -0.003565787619599 -0.002386125225176
 -0.003226594372393 -0.035871679143159 -0.001424466975106  0.004131045903801
 -0.001638106820242 -0.003132121307155
    5 Orbital Energy    -0.653542 Occupation  1.000000 Symmetry Ap      
  0.121508025811715 -0.258893769213007 -0.123861208273564 -0.140338790625421
  0.000000000000000 -0.343625824472665 -0.055109478142675 -0.029835800159484
  0.000000000000000 -0.004639990475683  0.017296909394988  0.008429304752709
 -0.007657466588890  0.000000000000000 -0.000000000000000 -0.103274259061691
  0.212178657744846 -0.010952660000742 -0.098694934824886 -0.030308099322934
  0.199552522698145 -0.003535129684639 -0.019674396712704 -0.009719548736452
  0.000012780766880 -0.020610236518475  0.006369142328279 -0.000251264063621
  0.001105380969754  0.004831879415319 -0.103274259061691  0.212178657744846
 -0.010952660000742 -0.098694934824886  0.030308099322934  0.199552522698145
 -0.003535129684639 -0.019674396712704  0.009719548736452  0.000012780766880
 -0.020610236518475  0.006369142328279 -0.000251264063621 -0.001105380969754
 -0.004831879415319 -0.185655027613842 -0.068910814437336  0.013555788789319
  0.007540711698908 -0.000000000000000  0.077465134076880  0.030066698795375
 -0.005186492960822 -0.000921497893018 -0.003116426910668  0.089535250862225
  0.033114402459200  0.005865861513957  0.000306702573242 -0.003770912736639
  0.089535250862225  0.033114402459200  0.005865861513957  0.000306702573242
  0.003770912736639  0.077465134076880  0.030066698795375 -0.005186492960822
 -0.000921497893018  0.003116426910668
    6 Orbital Energy    -0.611495 Occupation  1.000000 Symmetry App     
  0.000000000000000  0.000000000000000 -0.000000000000000 -0.000000000000000
  0.144566983308284  0.000000000000000 -0.000000000000000 -0.000000000000000
  0.058415286586862 -0.000000000000000  0.000000000000000  0.000000000000000
 -0.000000000000000  0.007149672933244 -0.017645172515805 -0.130124224323518
  0.265701611601864  0.001132118656617  0.008617875928261  0.127813147829157
  0.265509874403212  0.013061322697990  0.003977615752236  0.026924627170714
  0.001812047129108 -0.004633735198591 -0.016809030376735  0.000804992832686
  0.000852778697667 -0.005104279073670  0.130124224323518 -0.265701611601864
 -0.001132118656617 -0.008617875928261  0.127813147829157 -0.265509874403212
 -0.013061322697990 -0.003977615752236  0.026924627170714 -0.001812047129108
  0.004633735198591  0.016809030376735 -0.000804992832686  0.000852778697667
 -0.005104279073670  0.000000000000000  0.000000000000000 -0.000000000000000
 -0.000000000000000  0.003853602535127  0.133369780105142  0.058670909730487
 -0.009088249319521  0.001728552738791 -0.002717506566613  0.131747804029665
  0.064234792538127  0.008587114934925  0.003473027832854 -0.003236181239557
 -0.131747804029665 -0.064234792538127 -0.008587114934925 -0.003473027832854
 -0.003236181239557 -0.133369780105142 -0.058670909730487  0.009088249319521
 -0.001728552738791 -0.002717506566613
    7 Orbital Energy    -0.514881 Occupation  1.000000 Symmetry Ap      
  0.019475135904389 -0.055511955585613  0.192306148697461  0.221624697267982
 -0.000000000000000 -0.054151356377489  0.089099160168859  0.077675760400448
 -0.000000000000000  0.017509654766200 -0.017387706949979 -0.000200485973191
 -0.001510579100061  0.000000000000000  0.000000000000000 -0.022844021969717
  0.033970612328662  0.222815842802841 -0.096744753021097  0.147295298841290
  0.052700468912822  0.084843707783872 -0.021807514512576  0.032782208158725
  0.007670827268639 -0.005426031673942 -0.005372138741914  0.006289263156538
 -0.005597785180230  0.009498444810678 -0.022844021969717  0.033970612328662
  0.222815842802841 -0.096744753021097 -0.147295298841290  0.052700468912822
  0.084843707783872 -0.021807514512576 -0.032782208158725  0.007670827268639
 -0.005426031673942 -0.005372138741914  0.006289263156538  0.005597785180230
 -0.009498444810678  0.146865764429866  0.097029495136009 -0.005285680825600
 -0.002678059899938  0.000000000000000  0.164480976871418  0.111807466095615
 -0.006600621960318  0.000582661264438 -0.003871171045463 -0.012301573176210
  0.002798174099901  0.002340502595694 -0.001627702207734  0.002827502550152
 -0.012301573176210  0.002798174099901  0.002340502595694 -0.001627702207734
 -0.002827502550152  0.164480976871418  0.111807466095615 -0.006600621960318
  0.000582661264438  0.003871171045463
    8 Orbital Energy    -0.463224 Occupation  1.000000 Symmetry Ap      
  0.038126417533281 -0.071912269163389  0.055654280133259 -0.225880745803109
  0.000000000000000 -0.139381318311325  0.030115737415716 -0.096607471010969
  0.000000000000000  0.001366099476157  0.012564415195997 -0.005679399450186
 -0.022972862302926  0.000000000000000 -0.000000000000000  0.005591053950479
  0.000606316563685  0.206036501575451  0.106961821510350 -0.227276781387411
 -0.023065776919792  0.088503540250697  0.034922014595837 -0.073732255951853
 -0.009619457751796 -0.000914133422127  0.009067393372274 -0.003224852660509
  0.000365019108272 -0.007559997133168  0.005591053950479  0.000606316563685
  0.206036501575451  0.106961821510350  0.227276781387411 -0.023065776919792
  0.088503540250697  0.034922014595837  0.073732255951853 -0.009619457751796
 -0.000914133422127  0.009067393372274 -0.003224852660509 -0.000365019108272
  0.007559997133168 -0.091557166844346 -0.068122504571909  0.006847356990808
 -0.003473751948615  0.000000000000000  0.024003745665759  0.010161482370610
  0.001886935481095  0.001479149259780 -0.004611404390165 -0.179980753006984
 -0.130454338991345 -0.006042893775599 -0.002261946144772  0.002833271865719
 -0.179980753006984 -0.130454338991345 -0.006042893775599 -0.002261946144772
 -0.002833271865719  0.024003745665759  0.010161482370610  0.001886935481095
  0.001479149259780  0.004611404390165
    9 Orbital Energy    -0.372064 Occupation  1.000000 Symmetry App     
  0.000000000000000  0.000000000000000  0.000000000000000  0.000000000000000
 -0.053049705162192  0.000000000000000  0.000000000000000  0.000000000000000
 -0.028928083959596 -0.000000000000000 -0.000000000000000 -0.000000000000000
 -0.000000000000000  0.007279661605473  0.004849783518983  0.001448562617607
 -0.005623047661208  0.320571226915542  0.009988189307191  0.003083832344256
  0.000991296722454  0.128016636247003  0.008777467130211 -0.007374396637188
  0.002514875183180 -0.003249456349727  0.000311891585537 -0.003987895995042
  0.020463051360514  0.002120429523623 -0.001448562617607  0.005623047661208
 -0.320571226915542 -0.009988189307191  0.003083832344256 -0.000991296722454
 -0.128016636247003 -0.008777467130211 -0.007374396637188 -0.002514875183180
  0.003249456349727 -0.000311891585537  0.003987895995042  0.020463051360514
  0.002120429523623  0.000000000000000  0.000000000000000 -0.000000000000000
 -0.000000000000000  0.000314487259655  0.196388000395490  0.190559168661829
 -0.003293062629068  0.002058991541058 -0.004141361064989 -0.181431583910127
 -0.164573048356402 -0.002151072529622 -0.003005080443414  0.004243703020691
  0.181431583910127  0.164573048356402  0.002151072529622  0.003005080443414
  0.004243703020691 -0.196388000395490 -0.190559168661829  0.003293062629068
 -0.002058991541058 -0.004141361064989
   10 Orbital Energy    -0.338325 Occupation  1.000000 Symmetry App     
  0.000000000000000  0.000000000000000 -0.000000000000000 -0.000000000000000
  0.469674283198311  0.000000000000000 -0.000000000000000 -0.000000000000000
  0.268235000322054 -0.000000000000000  0.000000000000000  0.000000000000000
 -0.000000000000000  0.019599369348767 -0.021830198051710 -0.004027600804724
  0.001072541125021 -0.002254685140609  0.272990059846748 -0.082127207182353
  0.086540368597406  0.022074750907134  0.159519226444783 -0.059829381007526
 -0.010600392928440  0.021319570384920 -0.008867769487572 -0.005195654830127
  0.002399410610456  0.002412158021192  0.004027600804724 -0.001072541125021
  0.002254685140609 -0.272990059846748 -0.082127207182353 -0.086540368597406
 -0.022074750907134 -0.159519226444783 -0.059829381007526  0.010600392928440
 -0.021319570384920  0.008867769487572  0.005195654830127  0.002399410610456
  0.002412158021192  0.000000000000000  0.000000000000000 -0.000000000000000
 -0.000000000000000  0.014339172577826 -0.059945073287937 -0.065708028532480
  0.002556455616854  0.004498032789394  0.000546990559238 -0.095029500839530
 -0.079949901369548 -0.003751853886052  0.003794850091715  0.000605417194823
  0.095029500839530  0.079949901369548  0.003751853886052 -0.003794850091715
  0.000605417194823  0.059945073287937  0.065708028532480 -0.002556455616854
 -0.004498032789394  0.000546990559238
   11 Orbital Energy    -0.330334 Occupation  1.000000 Symmetry Ap      
  0.036484376077457 -0.082221268188661  0.231585708809491  0.170160079560034
 -0.000000000000000 -0.160108928392078  0.140686103356291  0.084275552603227
 -0.000000000000000  0.019498738794706  0.001868067943120 -0.015738474616672
  0.006734956484390 -0.000000000000000  0.000000000000000 -0.012552653570139
  0.029354784408374 -0.070772547325551 -0.218264914734169 -0.273482826202454
  0.034654183202749 -0.022875907760746 -0.124767437372977 -0.134084218979853
 -0.007881642736880 -0.007466081167163  0.012799507613882  0.011199333722084
 -0.007676691920724  0.012738559635333 -0.012552653570139  0.029354784408374
 -0.070772547325551 -0.218264914734169  0.273482826202454  0.034654183202749
 -0.022875907760746 -0.124767437372977  0.134084218979853 -0.007881642736880
 -0.007466081167163  0.012799507613882  0.011199333722084  0.007676691920724
 -0.012738559635333  0.172126309343292  0.157038057252615 -0.003116713582655
 -0.000285544415262  0.000000000000000 -0.108855040023139 -0.118630062426962
  0.003053307105940 -0.004733941280634 -0.003129803984645  0.015759215075439
  0.018229652601888 -0.000993492384228 -0.004655950670986 -0.005928515276573
  0.015759215075439  0.018229652601888 -0.000993492384228 -0.004655950670986
  0.005928515276573 -0.108855040023139 -0.118630062426962  0.003053307105940
 -0.004733941280634  0.003129803984645
   12 Orbital Energy    -0.244304 Occupation  1.000000 Symmetry Ap      
  0.075731469544007 -0.155528607113341  0.428863931967529 -0.241958164397164
  0.000000000000000 -0.342553013316639  0.321833667893682 -0.201972749361908
  0.000000000000000  0.026031101367531  0.005014192533223  0.000907899348388
 -0.019224301179493  0.000000000000000 -0.000000000000000 -0.004987413523036
  0.021849829634316 -0.092630305467852  0.166444063769292  0.108659868368925
 -0.023827317654086 -0.012646783211109  0.092911207598135  0.077299407539650
 -0.002760978981615  0.002070435044633 -0.001743890669447  0.018199867545449
 -0.008844604395166 -0.012771691890665 -0.004987413523036  0.021849829634316
 -0.092630305467852  0.166444063769292 -0.108659868368925 -0.023827317654086
 -0.012646783211109  0.092911207598135 -0.077299407539650 -0.002760978981615
  0.002070435044633 -0.001743890669447  0.018199867545449  0.008844604395166
  0.012771691890665  0.082267565865726  0.087134075698017  0.008199128113059
 -0.010754061435607  0.000000000000000 -0.053873823534990 -0.088788351153121
 -0.000736255783630  0.004552442337471  0.004233062277447  0.091749291787312
  0.121093339641606  0.001015203871208  0.003066529589041  0.001518317323112
  0.091749291787312  0.121093339641606  0.001015203871208  0.003066529589041
 -0.001518317323112 -0.053873823534990 -0.088788351153121 -0.000736255783630
  0.004552442337471 -0.004233062277447
   13 Orbital Energy     0.080956 Occupation  0.000000 Symmetry Ap      
  0.079351453575638 -0.104595591983646 -0.171885631627850 -0.083026456634075
  0.000000000000000 -1.177906248942011 -0.401280928010344 -0.097158937495427
  0.000000000000000  0.018334769038222  0.024815643850022  0.017469189087057
  0.014095972415409 -0.000000000000000 -0.000000000000000  0.032791997675875
 -0.057123559851332 -0.132006520004637  0.061496049197669 -0.099079574300739
 -0.524039602665792 -0.282235612442493  0.243006114820743 -0.310598049138006
  0.013997023449213 -0.005790079563231  0.000860574181481 -0.003656807597437
  0.014315549287146  0.002106986424540  0.032791997675875 -0.057123559851332
 -0.132006520004637  0.061496049197669  0.099079574300739 -0.524039602665792
 -0.282235612442493  0.243006114820743  0.310598049138006  0.013997023449213
 -0.005790079563231  0.000860574181481 -0.003656807597437 -0.014315549287146
 -0.002106986424540  0.099653972289698  1.187471189192975  0.009016637982217
 -0.000412043939878  0.000000000000000  0.045478156534267  0.819044901888608
  0.006286542605552  0.003959924518553 -0.000811859465795 -0.012069511771042
  0.099318877428668 -0.004013278797458  0.002820123194225 -0.004328607716576
 -0.012069511771042  0.099318877428668 -0.004013278797458  0.002820123194225
  0.004328607716576  0.045478156534267  0.819044901888608  0.006286542605552
  0.003959924518553  0.000811859465795
   14 Orbital Energy     0.123966 Occupation  0.000000 Symmetry Ap      
 -0.073368115992831  0.085217257690450  0.094144481466192 -0.072216794161603
  0.000000000000000  1.033427550948741  0.196979322314955 -0.244367206894686
  0.000000000000000 -0.012313296148785 -0.023513739255281 -0.032386005791516
 -0.012735191449168  0.000000000000000  0.000000000000000  0.090350353591601
 -0.141624511830215  0.088612979080938  0.001827711811239 -0.083916591926106
 -1.393039181133318  0.245515210688922 -0.110349633211936 -0.336124978264304
  0.007299476881285  0.012347054602260 -0.005660714309283  0.002832173940423
 -0.009689439334108 -0.009736495766024  0.090350353591601 -0.141624511830215
  0.088612979080938  0.001827711811239  0.083916591926106 -1.393039181133318
  0.245515210688922 -0.110349633211936  0.336124978264304  0.007299476881285
  0.012347054602260 -0.005660714309283  0.002832173940423  0.009689439334108
  0.009736495766024 -0.049540304473677 -0.597295679874731 -0.002526922761873
 -0.008598809143544  0.000000000000000  0.012490402300278  0.513805537623360
  0.003247115193217 -0.003656254444610 -0.004428202154575  0.058493210887670
  1.122003823714335 -0.003484172819138 -0.003875517711106 -0.001004681643300
  0.058493210887670  1.122003823714335 -0.003484172819138 -0.003875517711106
  0.001004681643300  0.012490402300278  0.513805537623360  0.003247115193217
 -0.003656254444610  0.004428202154575
   15 Orbital Energy     0.130710 Occupation  0.000000 Symmetry App     
  0.000000000000000  0.000000000000000 -0.000000000000000 -0.000000000000000
  0.338871580957613  0.000000000000000 -0.000000000000000 -0.000000000000000
  0.477086454453128 -0.000000000000000 -0.000000000000000 -0.000000000000000
 -0.000000000000000  0.010110175376691  0.003709556744265 -0.047739440829121
  0.048226730056214  0.031121528418503 -0.324548795325096 -0.161192051079255
  0.852236623986055  0.072924891600219 -0.676503456381576 -0.477686882352666
 -0.004101416827529  0.010821048727600 -0.021624052814388 -0.004375128840849
  0.001992994625132 -0.015419157643483  0.047739440829121 -0.048226730056214
 -0.031121528418503  0.324548795325096 -0.161192051079255 -0.852236623986055
 -0.072924891600219  0.676503456381576 -0.477686882352666  0.004101416827529
 -0.010821048727600  0.021624052814388  0.004375128840849  0.001992994625132
 -0.015419157643483  0.000000000000000  0.000000000000000 -0.000000000000000
 -0.000000000000000  0.009775542168428 -0.007238215498313 -0.279176894330009
 -0.000088439354019 -0.014555321493207 -0.007306731089113 -0.018808863363864
 -0.296408312994996  0.002660320557932 -0.012795222032810 -0.007494596105525
  0.018808863363864  0.296408312994996 -0.002660320557932  0.012795222032810
 -0.007494596105525  0.007238215498313  0.279176894330009  0.000088439354019
  0.014555321493207 -0.007306731089113
   16 Orbital Energy     0.146463 Occupation  0.000000 Symmetry Ap      
 -0.074628306690909  0.094493563898450  0.150955833012953 -0.162128577314859
  0.000000000000000  1.257200561113257  0.487806521586567 -0.473621680352399
  0.000000000000000 -0.013968618661647 -0.003118415231778 -0.025671105558449
  0.011101898993895 -0.000000000000000  0.000000000000000  0.029081592904436
 -0.021141024506646 -0.228302490177238 -0.106362781330011  0.069914834671414
 -0.392297762103773 -0.573065901403136 -0.561779095119730  0.224008899924400
 -0.005115463759830  0.011728246166914 -0.003792652446287 -0.007635368375972
  0.023568512650282 -0.005573928491063  0.029081592904436 -0.021141024506646
 -0.228302490177238 -0.106362781330011 -0.069914834671414 -0.392297762103773
 -0.573065901403136 -0.561779095119730 -0.224008899924400 -0.005115463759830
  0.011728246166914 -0.003792652446287 -0.007635368375972 -0.023568512650282
  0.005573928491063  0.021289214345342 -0.427972591585892 -0.000285065298084
  0.000012334402507 -0.000000000000000  0.048931636447756  0.788197112238169
 -0.000497085574864 -0.007054141629425  0.006773423493000 -0.052694156003638
 -0.845095095161736  0.004246771855577 -0.003832699000611 -0.003257586436118
 -0.052694156003638 -0.845095095161736  0.004246771855577 -0.003832699000611
  0.003257586436118  0.048931636447756  0.788197112238169 -0.000497085574864
 -0.007054141629425 -0.006773423493000
   17 Orbital Energy     0.155311 Occupation  0.000000 Symmetry App     
  0.000000000000000  0.000000000000000  0.000000000000000  0.000000000000000
 -0.215032381716862  0.000000000000000  0.000000000000000  0.000000000000000
 -0.497801743880021  0.000000000000000  0.000000000000000  0.000000000000000
  0.000000000000000 -0.005785838088984 -0.011129971301029 -0.114619381848174
  0.152087254150037  0.015372684935617  0.074181441152697  0.133486358299251
  1.841878238174214  0.022834948545432  0.089541196602129  0.081227546005985
 -0.006540010430489 -0.015017516050759 -0.004222988920962  0.002298359351545
  0.000340324480407 -0.001005838076620  0.114619381848174 -0.152087254150037
 -0.015372684935617 -0.074181441152697  0.133486358299251 -1.841878238174214
 -0.022834948545432 -0.089541196602129  0.081227546005985  0.006540010430489
  0.015017516050759  0.004222988920962 -0.002298359351545  0.000340324480407
 -0.001005838076620  0.000000000000000  0.000000000000000  0.000000000000000
  0.000000000000000 -0.010151310035763 -0.031667628529635 -0.971912920189653
 -0.005565705086850  0.004890042132551 -0.000704736909870 -0.032174291423109
 -0.869550214699455  0.003763776056777  0.004792284129473  0.000385506726545
  0.032174291423109  0.869550214699455 -0.003763776056777 -0.004792284129473
  0.000385506726545  0.031667628529635  0.971912920189653  0.005565705086850
 -0.004890042132551 -0.000704736909870
   18 Orbital Energy     0.222759 Occupation  0.000000 Symmetry App     
  0.000000000000000  0.000000000000000  0.000000000000000  0.000000000000000
 -0.009324845511209  0.000000000000000  0.000000000000000  0.000000000000000
 -0.093737911113410  0.000000000000000  0.000000000000000  0.000000000000000
  0.000000000000000 -0.010806785470207 -0.003653224721749 -0.007197282926487
  0.012692452196248 -0.333899254626341 -0.019861878705306  0.003006973973960
  0.118831426571275 -1.394988471524473 -0.103326698865639 -0.019188707820442
  0.000401864378919 -0.000396530757987 -0.000080405418398 -0.003855899471021
 -0.007919620381289 -0.001497753413365  0.007197282926487 -0.012692452196248
  0.333899254626341  0.019861878705306  0.003006973973960 -0.118831426571275
  1.394988471524473  0.103326698865639 -0.019188707820442 -0.000401864378919
  0.000396530757987  0.000080405418398  0.003855899471021 -0.007919620381289
 -0.001497753413365  0.000000000000000  0.000000000000000  0.000000000000000
  0.000000000000000 -0.004409438986982  0.014823856225605  1.328379026844048
  0.000690749967168 -0.002526506823896  0.001431275633791 -0.012382658186502
 -1.371751094174764 -0.000234391287300  0.003447616285006 -0.001388998018183
  0.012382658186502  1.371751094174764  0.000234391287300 -0.003447616285006
 -0.001388998018183 -0.014823856225605 -1.328379026844048 -0.000690749967168
  0.002526506823896  0.001431275633791
   19 Orbital Energy     0.232372 Occupation  0.000000 Symmetry Ap      
  0.041483128675302 -0.051481313423326  0.185445707266513  0.408551849618844
 -0.000000000000000 -0.764479777747479  0.418345586463208  1.161295457798362
 -0.000000000000000  0.017914356429897 -0.007789095857295  0.006661563205740
  0.011879044199471 -0.000000000000000  0.000000000000000 -0.027600433809014
  0.036209806008338 -0.126082677400529  0.101290253307619 -0.130981371877784
  0.272376260608509 -0.484772349880305  0.741424697536476 -0.425942052137507
  0.009622766211271 -0.017668314354408  0.011790624863187  0.010739180766412
  0.001465029170865  0.013388342456695 -0.027600433809014  0.036209806008338
 -0.126082677400529  0.101290253307619  0.130981371877784  0.272376260608509
 -0.484772349880305  0.741424697536476  0.425942052137507  0.009622766211271
 -0.017668314354408  0.011790624863187  0.010739180766412 -0.001465029170865
 -0.013388342456695 -0.047218045826921 -1.277508736753022 -0.005621175714045
  0.003449080665981 -0.000000000000000  0.041564218186334  0.734120073166182
  0.003798466494933  0.007132481865451  0.000673467517953  0.024669834945403
 -0.149637913111514 -0.005153733001744  0.006336053887876 -0.004499515846517
  0.024669834945403 -0.149637913111514 -0.005153733001744  0.006336053887876
  0.004499515846517  0.041564218186334  0.734120073166182  0.003798466494933
  0.007132481865451 -0.000673467517953
   20 Orbital Energy     0.275140 Occupation  0.000000 Symmetry App     
  0.000000000000000  0.000000000000000  0.000000000000000  0.000000000000000
 -0.149727894354042  0.000000000000000  0.000000000000000  0.000000000000000
 -0.692700152922329  0.000000000000000  0.000000000000000  0.000000000000000
  0.000000000000000 -0.005684718146877 -0.018912925677588 -0.071944021664995
  0.059368670344480 -0.010767903166426  0.171543435204712 -0.271396355618772
  1.765772834764087 -0.044306854292671  0.578031532216518 -2.012745499705577
  0.022265479993102 -0.002878196573750 -0.013608117997667  0.004229232437463
 -0.000091526763636 -0.005551363933958  0.071944021664995 -0.059368670344480
  0.010767903166426 -0.171543435204712 -0.271396355618772 -1.765772834764087
  0.044306854292671 -0.578031532216518 -2.012745499705577 -0.022265479993102
  0.002878196573750  0.013608117997667 -0.004229232437463 -0.000091526763636
 -0.005551363933958  0.000000000000000  0.000000000000000  0.000000000000000
  0.000000000000000 -0.006345351581889  0.071716992051875  0.502783939649018
  0.009288967300359  0.006746256620239 -0.009520557077807  0.073662002377792
  0.599707344228036 -0.010350571900096  0.002500414845737 -0.008491302449119
 -0.073662002377792 -0.599707344228036  0.010350571900096 -0.002500414845737
 -0.008491302449119 -0.071716992051875 -0.502783939649018 -0.009288967300359
 -0.006746256620239 -0.009520557077807
   21 Orbital Energy     0.469022 Occupation  0.000000 Symmetry Ap      
 -0.018787523909689  0.130105455472969  0.054228313309335 -0.058013269950629
  0.000000000000000 -0.910966948628608 -0.120274323975649  0.217749227268665
 -0.000000000000000  0.056184629343214 -0.076242362209592  0.012228237797609
  0.018267655989820 -0.000000000000000  0.000000000000000 -0.022044079261360
 -0.135823413380365  0.011581664040790 -0.178734949241492  0.538328574209323
 -0.065383772718293 -0.028201832226488  0.492341343541111 -1.049056352264715
  0.032313070037132  0.012497846836324 -0.095119049458357 -0.001086153199737
  0.004123873177531 -0.009968357350100 -0.022044079261360 -0.135823413380365
  0.011581664040790 -0.178734949241492 -0.538328574209323 -0.065383772718293
 -0.028201832226488  0.492341343541111  1.049056352264715  0.032313070037132
  0.012497846836324 -0.095119049458357 -0.001086153199737 -0.004123873177531
  0.009968357350100  0.100135286757750 -0.165088570894894  0.007821022481536
 -0.030771859193324  0.000000000000000  0.154600524525820  0.086282021448553
 -0.005634168374414  0.002435034222128 -0.029855042590388  0.136443140838939
  0.138219301477173  0.006401205641345  0.007849130289467 -0.032814677145847
  0.136443140838939  0.138219301477173  0.006401205641345  0.007849130289467
  0.032814677145847  0.154600524525820  0.086282021448553 -0.005634168374414
  0.002435034222128  0.029855042590388
   22 Orbital Energy     0.558403 Occupation  0.000000 Symmetry App     
  0.000000000000000  0.000000000000000 -0.000000000000000 -0.000000000000000
  0.066073126320159  0.000000000000000 -0.000000000000000 -0.000000000000000
  0.232734320871178 -0.000000000000000  0.000000000000000  0.000000000000000
 -0.000000000000000  0.013590389442420 -0.134272850828013 -0.009996048293804
  0.215698798277944 -0.042696633725026  0.615287241781954 -0.200365520189090
 -0.943068738952143  0.064649900416221 -1.246380675450479  1.013784054569087
 -0.011549709908431  0.039786112018398 -0.030423118760645 -0.008702512254525
  0.000068409930176  0.004022690799591  0.009996048293804 -0.215698798277944
  0.042696633725026 -0.615287241781954 -0.200365520189090  0.943068738952143
 -0.064649900416221  1.246380675450479  1.013784054569087  0.011549709908431
 -0.039786112018398  0.030423118760645  0.008702512254525  0.000068409930176
  0.004022690799591  0.000000000000000  0.000000000000000  0.000000000000000
  0.000000000000000 -0.033586944595184 -0.127763914819248 -0.151575014286546
 -0.000985233362813 -0.008848763153389  0.007158000319322 -0.153301550228661
 -0.202427673516309 -0.000048263943078 -0.006740009984423  0.009544128047052
  0.153301550228661  0.202427673516309  0.000048263943078  0.006740009984423
  0.009544128047052  0.127763914819248  0.151575014286546  0.000985233362813
  0.008848763153389  0.007158000319322
&
&hess
   1
   1  4.665602E-01
   2  1.093845E-01  6.189226E-01
   3 -1.601517E-18 -1.042538E-17  2.591967E-01
   4 -7.635813E-02  3.287025E-02 -4.163347E-02  7.429021E-01
   5  2.341414E-02 -2.544449E-01  1.389656E-01  1.687628E-02  4.893872E-01
   6 -5.170990E-02  1.022276E-01 -1.061710E-01  4.517642E-02 -2.068249E-01
   7 -7.635813E-02  3.287025E-02  4.163347E-02 -1.459297E-01 -9.359458E-03
   8  2.341414E-02 -2.544449E-01 -1.389656E-01 -9.359458E-03 -5.212813E-02
   9  5.170990E-02 -1.022276E-01 -1.061710E-01 -1.283338E-02 -3.329645E-02
  10 -3.370265E-01 -1.903257E-01  2.411706E-18  2.611805E-03  2.990376E-03
  11 -1.405394E-01 -1.521074E-01  2.380988E-18 -1.428855E-02 -4.768375E-03
  12  1.823260E-18  2.402161E-18 -4.428273E-02  1.517923E-02  5.127049E-03
  13 -3.285027E-03  9.872928E-03  4.849161E-04 -2.851405E-01  2.070965E-02
  14  1.914109E-02  1.583284E-02  9.066441E-03  1.908382E-02 -8.644534E-02
  15  9.280421E-03 -1.350662E-02  2.004187E-03 -9.805249E-02  4.289356E-02
  16  1.487632E-02 -2.272572E-03 -4.967670E-03 -2.714305E-01 -5.869427E-02
  17 -2.697779E-02  5.204435E-03  7.086268E-03 -5.308597E-02 -9.881937E-02
  18  9.972639E-03 -2.378973E-03 -3.290162E-03  7.926941E-02  6.560982E-02
  19  1.487632E-02 -2.272572E-03  4.967670E-03  1.301133E-02  5.329551E-03
  20 -2.697779E-02  5.204435E-03 -7.086268E-03  5.883591E-03  5.689701E-03
  21 -9.972639E-03  2.378973E-03 -3.290162E-03 -2.294555E-02 -1.033088E-02
  22 -3.285027E-03  9.872928E-03 -4.849161E-04  2.033355E-02 -1.266265E-03
  23  1.914109E-02  1.583284E-02 -9.066441E-03  2.020035E-03  1.529235E-03
  24 -9.280421E-03  1.350662E-02  2.004187E-03  3.583983E-02 -2.143749E-03
   6
   6  7.123272E-01
   7  1.283338E-02  7.429021E-01
   8  3.329645E-02  1.687628E-02  4.893872E-01
   9 -2.881469E-01 -4.517642E-02  2.068249E-01  7.123272E-01
  10  1.358892E-02  2.611805E-03  2.990376E-03 -1.358892E-02  3.224627E-01
  11 -1.017705E-02 -1.428855E-02 -4.768375E-03  1.017705E-02  1.743156E-01
  12  4.408087E-03 -1.517923E-02 -5.127049E-03  4.408087E-03 -2.212628E-18
  13 -1.010237E-01  2.033355E-02 -1.266265E-03  8.831174E-03  4.932706E-03
  14  3.396791E-02  2.020035E-03  1.529235E-03  9.613568E-03  3.303601E-03
  15 -1.497486E-01 -3.583983E-02  2.143749E-03 -8.578561E-03 -5.872751E-03
  16  8.773166E-02  1.301133E-02  5.329551E-03 -2.234402E-03 -2.625976E-04
  17  6.083882E-02  5.883591E-03  5.689701E-03  3.715233E-03  1.711081E-03
  18 -1.640902E-01  2.294555E-02  1.033088E-02  9.598664E-08 -8.180457E-04
  19  2.234402E-03 -2.714305E-01 -5.869427E-02 -8.773166E-02 -2.625976E-04
  20 -3.715233E-03 -5.308597E-02 -9.881937E-02 -6.083882E-02  1.711081E-03
  21  9.598664E-08 -7.926941E-02 -6.560982E-02 -1.640902E-01  8.180457E-04
  22 -8.831174E-03 -2.851405E-01  2.070965E-02  1.010237E-01  4.932706E-03
  23 -9.613568E-03  1.908382E-02 -8.644534E-02 -3.396791E-02  3.303601E-03
  24 -8.578561E-03  9.805249E-02 -4.289356E-02 -1.497486E-01  5.872751E-03
  11
  11  1.689982E-01
  12 -2.493448E-18  3.569149E-02
  13 -3.131007E-03  8.167742E-04  2.775182E-01
  14 -2.728066E-03 -9.304353E-04 -2.828745E-02  6.029374E-02
  15  5.086039E-03 -1.802873E-03  1.096524E-01 -3.750600E-02  1.297551E-01
  16  5.314436E-04  6.014847E-04 -1.098910E-02 -1.127099E-02  1.652460E-02
  17 -9.489476E-04  1.099434E-03  4.609010E-03  9.602098E-03 -5.113995E-03
  18  1.489051E-03  1.690408E-03 -1.364409E-02 -1.034992E-02  2.199621E-02
  19  5.314436E-04 -6.014847E-04 -1.573964E-04 -2.036291E-03 -4.885227E-04
  20 -9.489476E-04 -1.099434E-03 -5.530539E-04  3.132320E-03  2.332682E-03
  21 -1.489051E-03  1.690408E-03 -3.213844E-04 -1.909713E-04  3.755415E-04
  22 -3.131007E-03 -8.167742E-04 -3.212479E-03 -1.953808E-03  4.796124E-03
  23 -2.728066E-03  9.304353E-04 -1.953808E-03 -1.216826E-03  3.670585E-03
  24 -5.086039E-03 -1.802873E-03 -4.796124E-03 -3.670585E-03  5.999054E-03
  16
  16  2.549693E-01
  17  6.779879E-02  7.889871E-02
  18 -9.809552E-02 -6.509245E-02  1.433014E-01
  19 -1.733196E-05  6.143365E-04  4.867484E-05  2.549693E-01
  20  6.143365E-04 -2.758944E-03  2.006245E-04  6.779879E-02  7.889871E-02
  21 -4.867484E-05 -2.006245E-04  1.675358E-05  9.809552E-02  6.509245E-02
  22 -1.573964E-04 -5.530539E-04  3.213844E-04 -1.098910E-02  4.609010E-03
  23 -2.036291E-03  3.132320E-03  1.909713E-04 -1.127099E-02  9.602098E-03
  24  4.885227E-04 -2.332682E-03  3.755415E-04 -1.652460E-02  5.113995E-03
  21
  21  1.433014E-01
  22  1.364409E-02  2.775182E-01
  23  1.034992E-02 -2.828745E-02  6.029374E-02
  24  2.199621E-02 -1.096524E-01  3.750600E-02  1.297551E-01
&
&valid
version=1.0
geometry
atom_num=8
   7    -0.1594519437     0.8294778094     0.0000000000
   6     0.0490630319    -0.4262660458     0.7425361637
   6     0.0490630319    -0.4262660458    -0.7425361637
   1     0.7008676399     1.3761911483     0.0000000000
   1     0.9952481980    -0.5903493639     1.2558772287
   1    -0.8221265552    -0.7847970419     1.2857117620
   1    -0.8221265552    -0.7847970419    -1.2857117620
   1     0.9952481980    -0.5903493639    -1.2558772287
end
molecule
molchg=0
multip=1
qs_cuts=   0    0    0
end
basis
name=6-31g**                         
numd=6
atom_basis_num=0
end
&
